{
    "fl_x": 721.5377,
    "fl_y": 721.5377,
    "cx": 609.5593,
    "cy": 172.854,
    "w": 1242,
    "h": 375,
    "camera_model": "OPENCV",
    "k1": 0,
    "k2": 0,
    "p1": 0,
    "p2": 0,
    "frames": [
        {
            "file_path": "image_02/data/0000000000.png",
            "transform_matrix": [
                [
                    -0.31712922517537845,
                    -0.005024030017835232,
                    -0.9483690616446557,
                    0.9493506710522069
                ],
                [
                    0.9482180029429236,
                    0.016938053353079904,
                    -0.3171684303918752,
                    0.5964724173190936
                ],
                [
                    -0.017656992918905597,
                    0.9998438910297833,
                    0.0006076759331504483,
                    0.7142299778177202
                ],
                [
                    0.0,
                    0.0,
                    0.0,
                    1.0
                ]
            ]
        },
        {
            "file_path": "image_02/data/0000000001.png",
            "transform_matrix": [
                [
                    -0.3187212938430208,
                    -0.004967242059122901,
                    -0.9478354956519881,
                    1.5658253198368104
                ],
                [
                    0.9476740080251812,
                    0.017518603280477666,
                    -0.31875878811863084,
                    0.8084063797173174
                ],
                [
                    -0.018188109546067182,
                    0.9998341712524215,
                    0.0008762256227666836,
                    0.7172833528724022
                ],
                [
                    0.0,
                    0.0,
                    0.0,
                    1.0
                ]
            ]
        },
        {
            "file_path": "image_02/data/0000000002.png",
            "transform_matrix": [
                [
                    -0.32058477030837196,
                    -0.0049583875207916215,
                    -0.9472068849751287,
                    2.244787521624195
                ],
                [
                    0.9470303811068106,
                    0.018323798125848747,
                    -0.32062094064592395,
                    1.0432866931446583
                ],
                [
                    -0.018946194112747554,
                    0.999819782647866,
                    0.0011785869023429475,
                    0.7211701564147436
                ],
                [
                    0.0,
                    0.0,
                    0.0,
                    1.0
                ]
            ]
        },
        {
            "file_path": "image_02/data/0000000003.png",
            "transform_matrix": [
                [
                    -0.32210826683863386,
                    -0.004561593604493808,
                    -0.9466918822089363,
                    2.860893254626366
                ],
                [
                    0.9465020479383183,
                    0.01904540069614078,
                    -0.32213543396355065,
                    1.2584994589507676
                ],
                [
                    -0.019499580690914717,
                    0.9998081863711159,
                    0.0018171232392382682,
                    0.7234703025366331
                ],
                [
                    0.0,
                    0.0,
                    0.0,
                    1.0
                ]
            ]
        },
        {
            "file_path": "image_02/data/0000000004.png",
            "transform_matrix": [
                [
                    -0.322974297736058,
                    -0.0042906762745530186,
                    -0.9463980434589004,
                    3.4792732630675745
                ],
                [
                    0.94619276881241,
                    0.019851019812778554,
                    -0.3229942307290284,
                    1.4743677709177372
                ],
                [
                    -0.020172833547766812,
                    0.9997937147572438,
                    0.0023515622421356724,
                    0.7248902516434779
                ],
                [
                    0.0,
                    0.0,
                    0.0,
                    1.0
                ]
            ]
        },
        {
            "file_path": "image_02/data/0000000005.png",
            "transform_matrix": [
                [
                    -0.3235254793684329,
                    -0.004180760433819567,
                    -0.9462102562427621,
                    4.157642559734206
                ],
                [
                    0.9460141856487488,
                    0.01940188723957816,
                    -0.32354415330723135,
                    1.7101267169417338
                ],
                [
                    -0.019710928823899056,
                    0.9998029970810883,
                    0.002321946115565087,
                    0.7240232028117607
                ],
                [
                    0.0,
                    0.0,
                    0.0,
                    1.0
                ]
            ]
        },
        {
            "file_path": "image_02/data/0000000006.png",
            "transform_matrix": [
                [
                    -0.32366486907740005,
                    -0.0042584136482029175,
                    -0.9461622387406992,
                    4.776548304025392
                ],
                [
                    0.9459627801141143,
                    0.01956375123740801,
                    -0.3236846769428382,
                    1.9257360955655352
                ],
                [
                    -0.019888869455693247,
                    0.9997995151575694,
                    0.0023037980920854136,
                    0.722485017682736
                ],
                [
                    0.0,
                    0.0,
                    0.0,
                    1.0
                ]
            ]
        },
        {
            "file_path": "image_02/data/0000000007.png",
            "transform_matrix": [
                [
                    -0.32301817522090237,
                    -0.005041307889631878,
                    -0.9463793675130436,
                    5.454292445679419
                ],
                [
                    0.94613375269082,
                    0.021675863740522737,
                    -0.32304979608921264,
                    2.165035111716726
                ],
                [
                    -0.02214218734644682,
                    0.9997523128777716,
                    0.0022319463210514075,
                    0.721580212213169
                ],
                [
                    0.0,
                    0.0,
                    0.0,
                    1.0
                ]
            ]
        },
        {
            "file_path": "image_02/data/0000000008.png",
            "transform_matrix": [
                [
                    -0.3220630910870167,
                    -0.0049978190555121545,
                    -0.9467050494763872,
                    6.073168511029626
                ],
                [
                    0.9464234835398346,
                    0.02325260052092473,
                    -0.3220900466963477,
                    2.381577456433218
                ],
                [
                    -0.02362310581064352,
                    0.9997171016504078,
                    0.0027587510047647687,
                    0.7194255342700486
                ],
                [
                    0.0,
                    0.0,
                    0.0,
                    1.0
                ]
            ]
        },
        {
            "file_path": "image_02/data/0000000009.png",
            "transform_matrix": [
                [
                    -0.32082285624976536,
                    -0.004080921213366293,
                    -0.9471304580166214,
                    6.692354599187561
                ],
                [
                    0.9468533465230404,
                    0.023187448388445435,
                    -0.3208288862520475,
                    2.593722562214116
                ],
                [
                    -0.02327081971487098,
                    0.9997227782129766,
                    0.003575029446883435,
                    0.7183852263673998
                ],
                [
                    0.0,
                    0.0,
                    0.0,
                    1.0
                ]
            ]
        },
        {
            "file_path": "image_02/data/0000000010.png",
            "transform_matrix": [
                [
                    -0.3197322108888787,
                    -0.003063627022018513,
                    -0.9475030295462584,
                    7.310233451702653
                ],
                [
                    0.9472389426870417,
                    0.022795851083629626,
                    -0.3197167910823009,
                    2.8039175085929813
                ],
                [
                    -0.02257863462624273,
                    0.9997354191592054,
                    0.00438658098625638,
                    0.7188445088238491
                ],
                [
                    0.0,
                    0.0,
                    0.0,
                    1.0
                ]
            ]
        },
        {
            "file_path": "image_02/data/0000000011.png",
            "transform_matrix": [
                [
                    -0.31838484965232244,
                    -0.0019037437962352692,
                    -0.9479596651398455,
                    7.989440649560661
                ],
                [
                    0.9477043557010156,
                    0.022655467298284895,
                    -0.3183445867144944,
                    3.0348629235291167
                ],
                [
                    -0.02208251936558313,
                    0.9997414918465892,
                    0.005408971212750151,
                    0.7226363863938717
                ],
                [
                    0.0,
                    0.0,
                    0.0,
                    1.0
                ]
            ]
        },
        {
            "file_path": "image_02/data/0000000012.png",
            "transform_matrix": [
                [
                    -0.31699464876232497,
                    -0.0015554728229627776,
                    -0.9484260838826166,
                    8.603425150711805
                ],
                [
                    0.9481634853987168,
                    0.023068441091731038,
                    -0.3169447016655759,
                    3.244641527466696
                ],
                [
                    -0.02237171376868475,
                    0.999732650506366,
                    0.005837729803032082,
                    0.72527930837256
                ],
                [
                    0.0,
                    0.0,
                    0.0,
                    1.0
                ]
            ]
        },
        {
            "file_path": "image_02/data/0000000013.png",
            "transform_matrix": [
                [
                    -0.31572267009431076,
                    -0.0016340767190324713,
                    -0.9488501403173579,
                    9.216994590511263
                ],
                [
                    0.9485754609197199,
                    0.023578782573689894,
                    -0.31567186746491915,
                    3.453249782222442
                ],
                [
                    -0.02288856687956532,
                    0.9997206188551921,
                    0.005894311070102399,
                    0.7278711895197211
                ],
                [
                    0.0,
                    0.0,
                    0.0,
                    1.0
                ]
            ]
        },
        {
            "file_path": "image_02/data/0000000014.png",
            "transform_matrix": [
                [
                    -0.31437580447637103,
                    -0.0009755890971255602,
                    -0.9492981434481321,
                    9.890207523714635
                ],
                [
                    0.9490506515110768,
                    0.02253403517230463,
                    -0.314316989876262,
                    3.6786917838193225
                ],
                [
                    -0.021698165603932656,
                    0.999745572855092,
                    0.006158271925283673,
                    0.7281914558965459
                ],
                [
                    0.0,
                    0.0,
                    0.0,
                    1.0
                ]
            ]
        },
        {
            "file_path": "image_02/data/0000000015.png",
            "transform_matrix": [
                [
                    -0.31313344097103185,
                    -0.00037672157175381644,
                    -0.9497090973382386,
                    10.502773378665031
                ],
                [
                    0.9494963420273961,
                    0.021046224403562987,
                    -0.31307162912137837,
                    3.8818447495968265
                ],
                [
                    -0.020105735166262937,
                    0.9997784051867702,
                    0.006232580871898752,
                    0.7291074989216897
                ],
                [
                    0.0,
                    0.0,
                    0.0,
                    1.0
                ]
            ]
        },
        {
            "file_path": "image_02/data/0000000016.png",
            "transform_matrix": [
                [
                    -0.3118419137659193,
                    0.0003192834393622455,
                    -0.9501339811777332,
                    11.113946208207881
                ],
                [
                    0.9499523218475678,
                    0.01966235499879667,
                    -0.3117756727255947,
                    4.083862378821221
                ],
                [
                    -0.0185823303050043,
                    0.9998065987042574,
                    0.006434850418178534,
                    0.7295353927907567
                ],
                [
                    0.0,
                    0.0,
                    0.0,
                    1.0
                ]
            ]
        },
        {
            "file_path": "image_02/data/0000000017.png",
            "transform_matrix": [
                [
                    -0.310636618053523,
                    0.000803464954798355,
                    -0.9505284368460452,
                    11.785629817133003
                ],
                [
                    0.9503750975857387,
                    0.018244860100263695,
                    -0.3105710725469593,
                    4.305750479108712
                ],
                [
                    -0.017092728790564025,
                    0.9998331983298901,
                    0.006431114685308442,
                    0.7286978788872298
                ],
                [
                    0.0,
                    0.0,
                    0.0,
                    1.0
                ]
            ]
        },
        {
            "file_path": "image_02/data/0000000018.png",
            "transform_matrix": [
                [
                    -0.30935428978856505,
                    -5.677637034920213e-05,
                    -0.95094688780154,
                    12.39470326238218
                ],
                [
                    0.9507972557581204,
                    0.017721769825448916,
                    -0.30930665929750306,
                    4.50673288272533
                ],
                [
                    -0.01687002657319161,
                    0.9998429279688319,
                    0.005428322653814815,
                    0.7275642846801743
                ],
                [
                    0.0,
                    0.0,
                    0.0,
                    1.0
                ]
            ]
        },
        {
            "file_path": "image_02/data/0000000019.png",
            "transform_matrix": [
                [
                    -0.3083735518991422,
                    -0.0018748490853576901,
                    -0.9512635285016287,
                    13.001015417535497
                ],
                [
                    0.9510988510710835,
                    0.0181037371692854,
                    -0.30835583726977084,
                    4.708863713287386
                ],
                [
                    -0.017799549003059842,
                    0.9998343285764906,
                    0.003799546859823509,
                    0.7227654182787495
                ],
                [
                    0.0,
                    0.0,
                    0.0,
                    1.0
                ]
            ]
        },
        {
            "file_path": "image_02/data/0000000020.png",
            "transform_matrix": [
                [
                    -0.30730647475526773,
                    -0.0029419130124382887,
                    -0.951606083903273,
                    13.669398108517285
                ],
                [
                    0.9514515644632595,
                    0.017334424474330604,
                    -0.307310153471996,
                    4.928328900667932
                ],
                [
                    -0.01739962695709859,
                    0.9998453919654579,
                    0.002527893064468097,
                    0.7152411134899924
                ],
                [
                    0.0,
                    0.0,
                    0.0,
                    1.0
                ]
            ]
        },
        {
            "file_path": "image_02/data/0000000021.png",
            "transform_matrix": [
                [
                    -0.30641869895210216,
                    -0.003097694037333871,
                    -0.9518918259991005,
                    14.277521916791443
                ],
                [
                    0.9517542427085685,
                    0.016314038346624024,
                    -0.30642748879279647,
                    5.126196647403214
                ],
                [
                    -0.016478421741191268,
                    0.999862091192113,
                    0.0020506828835580326,
                    0.7101684212696263
                ],
                [
                    0.0,
                    0.0,
                    0.0,
                    1.0
                ]
            ]
        },
        {
            "file_path": "image_02/data/0000000022.png",
            "transform_matrix": [
                [
                    -0.30559111243242504,
                    -0.002871120627928489,
                    -0.9521585434317751,
                    14.885881221323649
                ],
                [
                    0.9520236578951199,
                    0.01617922056197916,
                    -0.3055965966744944,
                    5.324399098452439
                ],
                [
                    -0.016282591152795255,
                    0.9998649581053114,
                    0.002210851170297517,
                    0.7059865407031404
                ],
                [
                    0.0,
                    0.0,
                    0.0,
                    1.0
                ]
            ]
        },
        {
            "file_path": "image_02/data/0000000023.png",
            "transform_matrix": [
                [
                    -0.3047183392111912,
                    -0.001810969805109212,
                    -0.9524408208811942,
                    15.554659353810031
                ],
                [
                    0.9522996877192615,
                    0.016740865992790666,
                    -0.304705005635447,
                    5.543799623404985
                ],
                [
                    -0.016496499098610912,
                    0.9998581943219575,
                    0.0033766628361543588,
                    0.7032085388345203
                ],
                [
                    0.0,
                    0.0,
                    0.0,
                    1.0
                ]
            ]
        },
        {
            "file_path": "image_02/data/0000000024.png",
            "transform_matrix": [
                [
                    -0.30388711565327775,
                    -0.001011376391522639,
                    -0.9527075423154167,
                    16.161218598356893
                ],
                [
                    0.9525643333531106,
                    0.017049133633899663,
                    -0.3038595237368728,
                    5.741527543015372
                ],
                [
                    -0.016550157939293726,
                    0.9998541139179842,
                    0.004217610907815577,
                    0.6974697053470938
                ],
                [
                    0.0,
                    0.0,
                    0.0,
                    1.0
                ]
            ]
        },
        {
            "file_path": "image_02/data/0000000025.png",
            "transform_matrix": [
                [
                    -0.3031088742741108,
                    -0.0007173690997945984,
                    -0.952955696151612,
                    16.827467425019833
                ],
                [
                    0.9528119235302125,
                    0.01715921224096262,
                    -0.3030760500769023,
                    5.958057371715938
                ],
                [
                    -0.016569389828182606,
                    0.9998524850073801,
                    0.004517591618309082,
                    0.6948252783357659
                ],
                [
                    0.0,
                    0.0,
                    0.0,
                    1.0
                ]
            ]
        },
        {
            "file_path": "image_02/data/0000000026.png",
            "transform_matrix": [
                [
                    -0.302227544973399,
                    -0.0007035773823423175,
                    -0.9532355842751192,
                    17.43310944910357
                ],
                [
                    0.9531113047913665,
                    0.015942243517168605,
                    -0.302199897251253,
                    6.15365765574342
                ],
                [
                    -0.0154093381620109,
                    0.9998726392941731,
                    0.004147597503933642,
                    0.691712632136067
                ],
                [
                    0.0,
                    0.0,
                    0.0,
                    1.0
                ]
            ]
        },
        {
            "file_path": "image_02/data/0000000027.png",
            "transform_matrix": [
                [
                    -0.3014051509289086,
                    -0.0015406258250990857,
                    -0.9534949525485276,
                    18.037773383676317
                ],
                [
                    0.953366114561596,
                    0.016031866585341052,
                    -0.30139031707230485,
                    6.3499151670635
                ],
                [
                    -0.01575063692641924,
                    0.9998702669268879,
                    0.003363306644810878,
                    0.6889619564029945
                ],
                [
                    0.0,
                    0.0,
                    0.0,
                    1.0
                ]
            ]
        },
        {
            "file_path": "image_02/data/0000000028.png",
            "transform_matrix": [
                [
                    -0.30068806416573585,
                    -0.0016491839272619975,
                    -0.953721149662866,
                    18.70318432469922
                ],
                [
                    0.953602438215578,
                    0.015353139790980356,
                    -0.3006771745840515,
                    6.563218151382393
                ],
                [
                    -0.015138489419602228,
                    0.9998807460140043,
                    0.0030438399995698843,
                    0.6832231519289794
                ],
                [
                    0.0,
                    0.0,
                    0.0,
                    1.0
                ]
            ]
        },
        {
            "file_path": "image_02/data/0000000029.png",
            "transform_matrix": [
                [
                    -0.30069042502868387,
                    -0.0013532157767093005,
                    -0.9537208711973485,
                    19.308466986678212
                ],
                [
                    0.9536113011653717,
                    0.014798679896163227,
                    -0.3006768660144722,
                    6.7571682661493835
                ],
                [
                    -0.014520693857267142,
                    0.9998895503199249,
                    0.003159379422580092,
                    0.6790783735520247
                ],
                [
                    0.0,
                    0.0,
                    0.0,
                    1.0
                ]
            ]
        },
        {
            "file_path": "image_02/data/0000000030.png",
            "transform_matrix": [
                [
                    -0.3006897973912499,
                    -0.0014703360915159088,
                    -0.9537208957082923,
                    19.912739883743143
                ],
                [
                    0.9536192188346448,
                    0.014220552355206428,
                    -0.30067965305042077,
                    6.9516668795342715
                ],
                [
                    -0.01400454134740172,
                    0.9998977742554886,
                    0.002873834181279902,
                    0.6772746242174619
                ],
                [
                    0.0,
                    0.0,
                    0.0,
                    1.0
                ]
            ]
        },
        {
            "file_path": "image_02/data/0000000031.png",
            "transform_matrix": [
                [
                    -0.3011121377650011,
                    -0.0014853457689280067,
                    -0.9535876138572748,
                    20.575481123634138
                ],
                [
                    0.9534845902930176,
                    0.014313629134029199,
                    -0.30110189053385283,
                    7.16691157732915
                ],
                [
                    -0.014096543146736053,
                    0.9998964239997808,
                    0.0028937530957679346,
                    0.6747416008363507
                ],
                [
                    0.0,
                    0.0,
                    0.0,
                    1.0
                ]
            ]
        },
        {
            "file_path": "image_02/data/0000000032.png",
            "transform_matrix": [
                [
                    -0.30162996837930867,
                    -0.0014677763529786152,
                    -0.9534239722616621,
                    21.17592471403273
                ],
                [
                    0.9533225091581502,
                    0.01420652407427796,
                    -0.30161972843931645,
                    7.36305355499335
                ],
                [
                    -0.01398755419100756,
                    0.9998979774281443,
                    0.0028858491015341364,
                    0.6721924169840845
                ],
                [
                    0.0,
                    0.0,
                    0.0,
                    1.0
                ]
            ]
        },
        {
            "file_path": "image_02/data/0000000033.png",
            "transform_matrix": [
                [
                    -0.3024188658805076,
                    -0.00229364744164041,
                    -0.9531724040445241,
                    21.774370073969283
                ],
                [
                    0.9530632068917786,
                    0.014599933660988494,
                    -0.3024193412503484,
                    7.559575415440903
                ],
                [
                    -0.01460990051460812,
                    0.99989075707154,
                    0.002229304317093082,
                    0.6671149869137301
                ],
                [
                    0.0,
                    0.0,
                    0.0,
                    1.0
                ]
            ]
        },
        {
            "file_path": "image_02/data/0000000034.png",
            "transform_matrix": [
                [
                    -0.30363123516751445,
                    -0.0024456784237873986,
                    -0.9527865211083484,
                    22.43085426612043
                ],
                [
                    0.952681461162296,
                    0.014291930936066791,
                    -0.3036344292060957,
                    7.774956666117722
                ],
                [
                    -0.014359754617080847,
                    0.9998948466342624,
                    0.002009524070380057,
                    0.6645135024744813
                ],
                [
                    0.0,
                    0.0,
                    0.0,
                    1.0
                ]
            ]
        },
        {
            "file_path": "image_02/data/0000000035.png",
            "transform_matrix": [
                [
                    -0.30486028119176073,
                    -0.002659249001795694,
                    -0.9523934063672458,
                    23.025316631472105
                ],
                [
                    0.9522928376406282,
                    0.013947836788119311,
                    -0.30486702270676763,
                    7.970283517957219
                ],
                [
                    -0.014094548392240027,
                    0.9998991605168331,
                    0.0017197575863462254,
                    0.6610385197446363
                ],
                [
                    0.0,
                    0.0,
                    0.0,
                    1.0
                ]
            ]
        },
        {
            "file_path": "image_02/data/0000000036.png",
            "transform_matrix": [
                [
                    -0.3059570653803403,
                    -0.0030294039599355464,
                    -0.9520405243606497,
                    23.61736513855416
                ],
                [
                    0.9519346409010085,
                    0.014277099224921899,
                    -0.3059684561668603,
                    8.166450900093325
                ],
                [
                    -0.014519282380976788,
                    0.9998934603786338,
                    0.0014843847269450188,
                    0.6593832283916327
                ],
                [
                    0.0,
                    0.0,
                    0.0,
                    1.0
                ]
            ]
        },
        {
            "file_path": "image_02/data/0000000037.png",
            "transform_matrix": [
                [
                    -0.3075697281966062,
                    -0.0027675120880287034,
                    -0.9515215532928107,
                    24.2658459437634
                ],
                [
                    0.951417510422552,
                    0.014177598142280196,
                    -0.307577321685504,
                    8.383658666085932
                ],
                [
                    -0.014341517449683646,
                    0.9998956353271814,
                    0.001727540465258741,
                    0.6559680404708806
                ],
                [
                    0.0,
                    0.0,
                    0.0,
                    1.0
                ]
            ]
        },
        {
            "file_path": "image_02/data/0000000038.png",
            "transform_matrix": [
                [
                    -0.3091776485664601,
                    -0.002575711631645862,
                    -0.9510008467823313,
                    24.85454981517314
                ],
                [
                    0.9508914785123599,
                    0.014569262519403568,
                    -0.30918154033634765,
                    8.581467073116455
                ],
                [
                    -0.014651746784358611,
                    0.9998905176357161,
                    0.0020552680074372776,
                    0.6523020529624428
                ],
                [
                    0.0,
                    0.0,
                    0.0,
                    1.0
                ]
            ]
        },
        {
            "file_path": "image_02/data/0000000039.png",
            "transform_matrix": [
                [
                    -0.31067003271293075,
                    -0.0023168032193999744,
                    -0.9505150322200147,
                    25.44110820485746
                ],
                [
                    0.9503911092912333,
                    0.01557400373179141,
                    -0.31066747809628226,
                    8.78026524998329
                ],
                [
                    -0.015523083413621127,
                    0.9998760062073667,
                    0.002636506994268936,
                    0.6492952388101788
                ],
                [
                    0.0,
                    0.0,
                    0.0,
                    1.0
                ]
            ]
        },
        {
            "file_path": "image_02/data/0000000040.png",
            "transform_matrix": [
                [
                    -0.3133911353027546,
                    -0.0014723851554049215,
                    -0.9496230261213605,
                    26.084919121842855
                ],
                [
                    0.949497354664146,
                    0.015857281581561928,
                    -0.3133742366562462,
                    8.999161390685781
                ],
                [
                    -0.015519850636524219,
                    0.9998731537857121,
                    0.0035715056034235208,
                    0.6457580097572568
                ],
                [
                    0.0,
                    0.0,
                    0.0,
                    1.0
                ]
            ]
        },
        {
            "file_path": "image_02/data/0000000041.png",
            "transform_matrix": [
                [
                    -0.3170485202577541,
                    -0.00028987473102938484,
                    -0.9484093078452209,
                    26.667829302107524
                ],
                [
                    0.9483003493007912,
                    0.015065144905164694,
                    -0.31701668874137506,
                    9.198023640943509
                ],
                [
                    -0.014379822067961897,
                    0.9998864447227074,
                    0.004501493535858694,
                    0.6432413830110466
                ],
                [
                    0.0,
                    0.0,
                    0.0,
                    1.0
                ]
            ]
        },
        {
            "file_path": "image_02/data/0000000042.png",
            "transform_matrix": [
                [
                    -0.32154788889791114,
                    0.0008479362505397485,
                    -0.9468929716133346,
                    27.249148624118263
                ],
                [
                    0.9467966454346299,
                    0.014580733236210577,
                    -0.32150210936444396,
                    9.39897201471053
                ],
                [
                    -0.013533783778711781,
                    0.9998933083989504,
                    0.005491227142634868,
                    0.640695446620437
                ],
                [
                    0.0,
                    0.0,
                    0.0,
                    1.0
                ]
            ]
        },
        {
            "file_path": "image_02/data/0000000043.png",
            "transform_matrix": [
                [
                    -0.3267817495300715,
                    0.0013429408138038055,
                    -0.9450989092959,
                    27.883098775702603
                ],
                [
                    0.9449899223743069,
                    0.01571803828647211,
                    -0.3267217189915702,
                    9.625374656126027
                ],
                [
                    -0.014416336199167181,
                    0.9998755346246776,
                    0.006405433548482208,
                    0.6387322688750433
                ],
                [
                    0.0,
                    0.0,
                    0.0,
                    1.0
                ]
            ]
        },
        {
            "file_path": "image_02/data/0000000044.png",
            "transform_matrix": [
                [
                    -0.3310907825947379,
                    0.0016212170988100468,
                    -0.9435975461551185,
                    28.45755954600971
                ],
                [
                    0.9434795068447441,
                    0.016479809431651806,
                    -0.3310210381684618,
                    9.83266260001321
                ],
                [
                    -0.015013654090296934,
                    0.9998628568432794,
                    0.0069858980785057695,
                    0.6356745745470791
                ],
                [
                    0.0,
                    0.0,
                    0.0,
                    1.0
                ]
            ]
        },
        {
            "file_path": "image_02/data/0000000045.png",
            "transform_matrix": [
                [
                    -0.33504800616276564,
                    0.0012727613634972055,
                    -0.9422002321779936,
                    29.027411359888315
                ],
                [
                    0.9420698865326707,
                    0.017141576361022377,
                    -0.3349784870836852,
                    10.040832550303847
                ],
                [
                    -0.015724452900393912,
                    0.9998522347812001,
                    0.0069422811028101985,
                    0.632834573515604
                ],
                [
                    0.0,
                    0.0,
                    0.0,
                    1.0
                ]
            ]
        },
        {
            "file_path": "image_02/data/0000000046.png",
            "transform_matrix": [
                [
                    -0.3392996638543334,
